TREENAME=qcd
name_147911=mc12_8TeV.147911.Pythia8_AU2CT10_jetjet_JZ1W.merge.NTUP_JETMET.e1126_s1469_s1470_r3542_r3549_p1344/
n_147911=1499994
xs_147911=72850000000.0
eff_147911=0.00012898
k_147911=1.0
name_147912=mc12_8TeV.147912.Pythia8_AU2CT10_jetjet_JZ2W.merge.NTUP_JETMET.e1126_s1469_s1470_r3542_r3549_p1344/
n_147912=5999034
xs_147912=26359000.0
eff_147912=0.0039901
k_147912=1.0
name_147913=mc12_8TeV.147913.Pythia8_AU2CT10_jetjet_JZ3W.merge.NTUP_JETMET.e1126_s1469_s1470_r3542_r3549_p1344/
n_147913=5997214
xs_147913=544180.0
eff_147913=0.001222
k_147913=1.0

