TREENAME=physics
name_105985=mc12_8TeV.105985.Herwig_AUET2CTEQ6L1_WW.merge.NTUP_SMWZ.e1576_s1499_s1504_r3658_r3549_p1328/
n_105985=2499890
xs_105985=32.501
eff_105985=0.38203
k_105985=1.6833
output_105985=Dib.jetmet2012
name_105986=mc12_8TeV.105986.Herwig_AUET2CTEQ6L1_ZZ.merge.NTUP_SMWZ.e1576_s1499_s1504_r3658_r3549_p1328/
n_105986=245000
xs_105986=4.6915
eff_105986=0.21154
k_105986=1.5496
output_105986=Dib.jetmet2012
name_105987=mc12_8TeV.105987.Herwig_AUET2CTEQ6L1_WZ.merge.NTUP_SMWZ.e1576_s1499_s1504_r3658_r3549_p1328/
n_105987=999998
xs_105987=12.009
eff_105987=0.30532
k_105987=1.9011
output_105987=Dib.jetmet2012
