TREENAME=physics
name_159110=mc12_8TeV.159110.Herwigpp_EE3CTEQ6L1_jetjet_JZ0W.merge.NTUP_COMMON.e1373_s1499_s1504_r3658_r3549_p1562/
n_159110=1399998
xs_159110=118690.0
eff_159110=0.99231
k_159110=1.0
name_159111=mc12_8TeV.159111.Herwigpp_EE3CTEQ6L1_jetjet_JZ1W.merge.NTUP_COMMON.e1373_s1499_s1504_r3658_r3549_p1562/
n_159111=1399897
xs_159111=3601300000.0
eff_159111=0.0014607
k_159111=1.0
name_159112=mc12_8TeV.159112.Herwigpp_EE3CTEQ6L1_jetjet_JZ2W.merge.NTUP_COMMON.e1373_s1499_s1504_r3658_r3549_p1562/
n_159112=1399993
xs_159112=19037000.0
eff_159112=0.0025568
k_159112=1.0
name_159113=mc12_8TeV.159113.Herwigpp_EE3CTEQ6L1_jetjet_JZ3W.merge.NTUP_COMMON.e1373_s1499_s1504_r3658_r3549_p1562/
n_159113=1399680
xs_159113=362240.0
eff_159113=0.00085373
k_159113=1.0
name_159114=mc12_8TeV.159114.Herwigpp_EE3CTEQ6L1_jetjet_JZ4W.merge.NTUP_COMMON.e1373_s1499_s1504_r3658_r3549_p1562/
n_159114=1399665
xs_159114=4165.5
eff_159114=0.00054308
k_159114=1.0
name_159115=mc12_8TeV.159115.Herwigpp_EE3CTEQ6L1_jetjet_JZ5W.merge.NTUP_COMMON.e1373_s1499_s1504_r3658_r3549_p1562/
n_159115=1392948
xs_159115=83.179
eff_159115=0.00054903
k_159115=1.0
name_159116=mc12_8TeV.159116.Herwigpp_EE3CTEQ6L1_jetjet_JZ6W.merge.NTUP_COMMON.e1373_s1499_s1504_r3658_r3549_p1562/
n_159116=1359847
xs_159116=5.785
eff_159116=0.00019889
k_159116=1.0
name_159117=mc12_8TeV.159117.Herwigpp_EE3CTEQ6L1_jetjet_JZ7W.merge.NTUP_COMMON.e1373_s1499_s1504_r3658_r3549_p1562/
n_159117=1396932
xs_159117=0.6525
eff_159117=0.0005671
k_159117=1.0
