TREENAME=physics
name_147910=mc12_8TeV.147910.Pythia8_AU2CT10_jetjet_JZ0W.merge.NTUP_SMWZ.e1126_s1469_s1470_r3542_r3549_p1328/
n_147910=1500000
xs_147910=72850000000.0
eff_147910=0.98557
k_147910=1.0
name_147911=mc12_8TeV.147911.Pythia8_AU2CT10_jetjet_JZ1W.merge.NTUP_SMWZ.e1126_s1469_s1470_r3542_r3549_p1328/
n_147911=1499994
xs_147911=72850000000.0
eff_147911=0.00012909
k_147911=1.0
name_147912=mc12_8TeV.147912.Pythia8_AU2CT10_jetjet_JZ2W.merge.NTUP_SMWZ.e1126_s1469_s1470_r3542_r3549_p1328/
n_147912=5999034
xs_147912=26359000.0
eff_147912=0.0039901
k_147912=1.0
name_147913=mc12_8TeV.147913.Pythia8_AU2CT10_jetjet_JZ3W.merge.NTUP_SMWZ.e1126_s1469_s1470_r3542_r3549_p1328/
n_147913=5997214
xs_147913=544180.0
eff_147913=0.001222
k_147913=1.0
name_147914=mc12_8TeV.147914.Pythia8_AU2CT10_jetjet_JZ4W.merge.NTUP_SMWZ.e1126_s1469_s1470_r3542_r3549_p1328/
n_147914=5987254
xs_147914=6445.3
eff_147914=0.00070839
k_147914=1.0
name_147915=mc12_8TeV.147915.Pythia8_AU2CT10_jetjet_JZ5W.merge.NTUP_SMWZ.e1126_s1469_s1470_r3542_r3549_p1328/
n_147915=2996082
xs_147915=39.739
eff_147915=0.0021516
k_147915=1.0
name_147916=mc12_8TeV.147916.Pythia8_AU2CT10_jetjet_JZ6W.merge.NTUP_SMWZ.e1126_s1469_s1470_r3542_r3549_p1328/
n_147916=2993651
xs_147916=0.4161
eff_147916=0.0046773
k_147916=1.0
name_147917=mc12_8TeV.147917.Pythia8_AU2CT10_jetjet_JZ7W.merge.NTUP_SMWZ.e1126_s1469_s1470_r3542_r3549_p1328/
n_147917=2991955
xs_147917=0.040636
eff_147917=0.014595
k_147917=1.0

