TREENAME=physics
name_108343=mc12_8TeV.108343.McAtNloJimmy_AUET2CT10_SingleTopSChanWenu.merge.NTUP_SMWZ.e1525_s1499_s1504_r3658_r3549_p1328/
n_108343=199997
xs_108343=0.56395
eff_108343=1.0
k_108343=1.0744
output_108343=St.jetmet2012
name_108344=mc12_8TeV.108344.McAtNloJimmy_AUET2CT10_SingleTopSChanWmunu.merge.NTUP_SMWZ.e1525_s1499_s1504_r3658_r3549_p1328/
n_108344=200000
xs_108344=0.5643
eff_108344=1.0
k_108344=1.0737
output_108344=St.jetmet2012
name_108345=mc12_8TeV.108345.McAtNloJimmy_AUET2CT10_SingleTopSChanWtaunu.merge.NTUP_SMWZ.e1525_s1499_s1504_r3658_r3549_p1328/
n_108345=199999
xs_108345=0.56434
eff_108345=1.0
k_108345=1.0736
output_108345=St.jetmet2012
name_108346=mc12_8TeV.108346.McAtNloJimmy_AUET2CT10_SingleTopWtChanIncl.merge.NTUP_SMWZ.e1525_s1499_s1504_r3658_r3549_p1328/
n_108346=1999194
xs_108346=20.666
eff_108346=1.0
k_108346=1.0825
output_108346=St.jetmet2012
